$ANSIBLE_VAULT;1.1;AES256
62653038663364326464643166643838343762646633356262356262623230343738346238356239
3464333435653865333163353666303239666132663634650a663165373166626466376661363530
63313133323430343366633833366638393135393562663539306130383235333133383764383966
6361623738646436370a333866383962303034386366386335383366316566633563316630613763
36396337633230363836356533363562333030376165383936643938396634346133666262353763
39626662353934643666323439323562663437663333643763663434376263303039393239313963
34383135313031643133666339623738346533663933656334643864393661623034316663636162
30313837353236396665633462346532313332353833323639323932383733363336616537646135
39373265393238326363373463366465656439613462613236376336396663306439613166306335
62323566313534386335636236313635396332336138663336373731363437643761653736366461
30303566346633656361363236303862356164323831656438396338663039383132333931633239
35643865376331666634386332306564393733653531613835376631653265396562623633663066
33366164366164633965396363363234666562373964353531313730316637643062323437303239
66333337633531396165333964616637623730646266613935656536396334366138356564653130
30356239396536343737386630363436653939373136316131313032303335373539646238633665
31353334653834313464396634613432626365386531616264306532386136306135343037303533
34386464313731393063346464313537666639356266613966393236653531326635356635383933
33613065663635376133616266393138613266373066666561393832376437613163653562303266
30323162653835393565353938396636306139346639666233396333666264336235633336616432
63363161383033323961323963643961346332313039303238306439343632616333313065643161
66393433626238366234656331343130343666353065336134666464656562613561633366333063
30393630316634366133353062616663336663636263326636623462306562396630343062396130
39373035633863323263643937376261353865366432363736316630363637323066633631316132
64623566636131393938383837373633646463656661303163353336646265656666323564326237
65306238373565376433303332333262616461343364363835393839396236396435396261376464
61613639313464316163626464306236323334366431356333316264636534626263396634633431
64366262343331616530383133316539323736303332663330653565313039613731323064626136
37333861356365636362323365363561323137633731323735643337653166613435633532316637
65316564383435346336393430396138313235656332353166643761656466303036653338356131
62613730666432656661663239626663326239386162643666393731396161336162333939316230
65353165616333653335323161623063383635663965363833383131643736643138353438633863
34663664313935353165396664333332326262343562636336316539646233613338636430613735
62363938643632303963383337343637663930653564363739343832343732653063356130356532
35643531366362323962373463373936336362653263393264613037646263366466363862323563
65646333373032383531356632366638623736396135613162616637326237363333623562336432
63666133643366363462326564643466663633643563306163333333316530643539346235313336
39373366663337303030643839656666326236646131346637653563663534383837393036383635
61383165366362373362636436326437303838656337393338663063383463363536373036363165
37363930653436323461316335633266636234633437346261356264373861313938316562633833
38393363346331336637613138356532323536316636366264643330383738653838616661393662
37333966396365656639623964646661333861323530633138306164303630646332343861623634
35663536343863326333393835656463663535383632643033353763643130393235326131323235
65356532316233656166656562646164616263396139663430643038363432666662613939653337
34333966323266303766366362343931386537653538363664663936376430636635363262356535
65353232616662626465343731636533616136636361336561346166313164396235386431666565
33323661363436303337396636393039393665386565346464326163326466333666623963353033
34663163636166396164393863663233633035363135323238383633326132336665346335323964
62653761336433636266333962376330346162383666373738396366346530306564323138643963
63653830396437366139363134356535643964643865626337643639633365653331616433303266
35396633653338373830333365366233366636643961646563643937393966646134663334376665
37346138303839666131646339373331323730666163633931373730613934323533366137393766
36636633336466373638313863386536336266626637656666656334346636396632366135336566
36323931393662373737363262363136376661353532396239373133653034626533643962393538
35323032303936303063323563653365313239373239363561373333613934616135633938396464
32623332383533333461633466323435333735323032346663333830303936303866326634643262
32376336646162313266616631363930633639356164653865393661643037323161396639353062
62396339393533353238346661333734313333613161343836346531656634343663393366613732
36323632393463303930663465323338663837393531313538613432393739323064646539313365
32353038633235646465653236666231353263393261323632623836333561643164336531316337
63663463376161313366343232633362313536313636383833643137376361343537616666316535
31396437323561373639633030333035623666653137303336623334326264396162663564626166
64356135613434383162383563363863316438343834396262666630353932353263653262306363
62306165396466376333653932333037303931396437623537646331663063336164646563323861
35623235303630616134333866653933643130323264376431323361656439313061653933626330
63376638313665666230306362393438316161376266303461656662373765633864386535653663
62616530633639376635653266666366616233386336383632333039313131643263373839393261
38346331636564646333653030303730376163653465623464666165353962613938353763303665
32356438373437376461346462383433613935356535623135366362653832343134363036306364
38353663366435376162623365383561656633396137376335313665373233623332336564326534
63396338653166663134316132636633353263313037343065376432336330366636613261363231
64333537313363333832333364346330346636636235366537643439363639626337356538343939
34383339386161376531333434363265363231346439646261633733313733373332316430383034
31616538353434333135636233636362386565653438373862373338643437313139666635643334
39626434356264346661653735383336346230633566306636366335626261383866663830393531
31393762333932366139336232623030393365376330383561376261313437656264653433326565
65666565363663666130623761396538646532663630623035656233633664373938633164356232
34653939356365396633393335343065333835313665613462353939636163343133323532396563
34336638653333393030363139383236653930373665373462656433623038666238316166656265
37373430313832333831343561343139636562643336356638343733353565316261366630376664
34616535383731303231363234356661386562336633353730376635313036386664366130666232
36393863323863326438363934323036343433333630626438366631396666376231323866343363
66636130333138356635616565383465363966326431633136663832633964333136376261353833
66306231343661303536356533646333323865396630373738373864646161633863653836303338
31656236303864313137366135663663356337303630666162643437376331383430666238616633
61303639396634353366633635623962303761663365633138373163623465373835366361313335
37643838623966303237666161306366323665346536323465663638333364396566613163653437
37636630316432316534333364303861633933353832376531656139663566303163666433623263
61316136356333393536666138363431353630376631336539383062613465306330313039383862
64636466396536633132646162643462383134316534363631313561616466353762393336643037
65303931663139346437636238663539656430393337383966366662616534656465343264313236
66383862656161356637366435356231643365346130343237306261623032663863656232303130
39313230653930303439316233383535303135396637653330356333306635393761363063323336
64613532363032326463626630373266306331373134316362643362313933666234343830383032
34383962613434636333376139353164616337386336326334636136653637303739306639306262
36633363636163336536363362653063376266323736383836623361643562316139393162333965
33643133373864643232656230613430666334613961313134353766383130616135306163316666
63343136356361663939363161353138343966613733336464333839316230396334353637303965
65613563626264643464623939326136643230326264343963386435633135393730356437373234
64313763343435336132366662636636633731323861613265646332633164323865323935313036
62656539623231663133353136623363636165663565613836336437316262663264333733346265
30303939646232643963666136633862383532323134656438326638326663646135333439303735
64393138643734373938313931396337393534303333306364623238363766653264306339326138
33333733313237653333323031316238613965326330396566303435373032663037623263323336
61613035653366313431363764383939393765646633383934393061323464373961323634343361
30643164656438623434333230633763666163396162613636336438613134626432626139306166
6464356461343133643432393363363531663562393735373238
