$ANSIBLE_VAULT;1.1;AES256
33393364613730623564366431636639333736356138376362613939613465316337386431653465
3061616533613034353537646161356339376231363364340a653938386362633065376639346438
37353934376566623439633462326564633734306332363338636238323964313035663732366437
3264353765613733370a623336643163386338626336636337633364353339373861373964626438
35303962303437666639366163613433343630653263356332396635613230663639313139343633
36326263386438353761643263653362316532633536393663666634353663316362396235356332
30396537313864373666616238383334646535643463363836363963393934396637316666386138
62613665316635316362373063383038396361313264356336623964636233326630636137383433
34646566356362626131333066396662646431633336336337363135376438613366666138396230
36393461646263393066653534383231356566356565376665633062333639383762373539373662
65303731336465333035363462636332633839613936393133313865343765613433306239333030
63393831666130303566
