$ANSIBLE_VAULT;1.1;AES256
66383131633765633663303437613632396233623862663931353432633131393763633239316631
6335616366376461336137356639623462633565393534650a663462376266623363616133646135
38333937623433353639663664333965303664343262373161346636356630313232633763666537
6531303862346530660a333138656664353430366433383533656564353163613537643932666364
36356466633463353361656661663365353332643437663839326334333963306266363066643239
64316438343861343832346561376533666137666333353965363833396564313066626164336132
61623262313332626462643630646538613631643732613533386433373664356339396230636331
38353366656564653630666663353838346263613430626263373730316534353033656337383764
61353566646465316130636366343036366662356262616338323665633538313963336265386435
31653066353162333030393739323264316664623437383364393335343662313966636263356231
35393065613730633266313339343436363066306361333634323964393163663130663137356331
39643530303664343830613862306136626637306335623538633433636137386535306265336263
33663033633966653635303832373036373063386263613638633438333837623932353338326238
33613763663563303934313936623939376439636439383231323632346231393561323533303232
62343133633332323434386332656636356139396330306164656334363864346430653961383766
37306336663564313931626231633938383430363734326531353162613632346637666338663036
30653439313537373938653265626461376632643633313864313436656564663231353734666562
33383839613465356164396637383363336331383234336263626234393961303439343763653435
30613831373439396161333439663938346161656433376237353734613533613535373461343032
34653331623735373062626331643633376538363536666664653731393165363162626265343262
31656532623363656135363561353135333164613865326132393664336330303665303039303333
30646364396131636538343061376238626632326564646435313136643436333562643566343766
33346161646463643932366539353538303263353038646430396433626633326630373066383631
64643234646635643732616132643034303436626232623363373333326266333432373138636361
66306130633161323765363937663532666631396133306465303832653665616639393637656265
62626662393933623961653837323534656637363132376166373338393331306165363335636230
34303537306136653363663735316433323164353962623830393865313136393137643835306263
38623635613832353035653637343634656230323433613833376530316266646261376637353033
6439
